[
  {
    "n_materials": 7,
    "n_properties": 5,
    "potential": "Jacobsen-1996",
    "eigenvalues": [
      1038.0650907751485,
      189.2214497614025,
      96.65662983381854
    ],
    "eigenvectors": [
      [
        0.8499879515041859,
        0.34364594592358455,
        -0.3992842923882716
      ],
      [
        0.42184627695182486,
        0.009986515432980866,
        0.9066123692799427
      ],
      [
        0.3155411239753103,
        -0.9390461827619516,
        -0.13647734508190767
      ]
    ],
    "effective_dimensionality": 1.561222331645811,
    "fractional_dimensionality": 0.5204074438819369,
    "cumulative_variance": [
      0.7840707320426394,
      0.926993369506352,
      1.0
    ],
    "log_slope": -1.1869744850095973,
    "log_intercept": 6.773373348434871,
    "log_r_squared": 0.9409077430588417,
    "decay_monotonicity": -1.0,
    "width_ratios": [
      5.48598000958184,
      1.957666536550368
    ],
    "mean_width_ratio": 3.721823273066104,
    "is_hyper_ribbon": true,
    "interpretation": "Hyper-ribbon structure confirmed (PR = 1.56 / 3) Moderate dimensional compression: ~1.6 of 3 dimensions are active. Log-spacing is highly linear (R\u00c2\u00b2 = 0.941), consistent with Vandermonde universality class. First principal direction captures 78.4% of error variance.",
    "pr_ci_lower": 1.1771047197744444,
    "pr_ci_upper": 2.282672711496328,
    "log_r2_ci_lower": 0.8152183745035505,
    "log_r2_ci_upper": 0.9999227541584745,
    "eigenvalues_5d": [
      7858.549911875037,
      2835.560538970408,
      1038.0650907751485,
      189.2214497614025,
      96.65662983381854
    ],
    "effective_dimensionality_5d": 2.036572783351765
  },
  {
    "n_materials": 3,
    "n_properties": 5,
    "potential": "Pun-2015",
    "eigenvalues": [
      31.00481280743877,
      6.364543963464437,
      0.00034322909677919703
    ],
    "eigenvectors": [
      [
        -0.9114768402832113,
        0.31008335571660345,
        0.270292956132533
      ],
      [
        -0.13066161548682936,
        0.4048098505139618,
        -0.9050174181557148
      ],
      [
        -0.39004808917068795,
        -0.8602193310048284,
        -0.32845881126847654
      ]
    ],
    "effective_dimensionality": 1.3939771822314087,
    "fractional_dimensionality": 0.46465906074380287,
    "cumulative_variance": [
      0.8296778622102607,
      0.999990815310351,
      1.0
    ],
    "log_slope": -5.70562742870334,
    "log_intercept": 4.808218299730054,
    "log_r_squared": 0.8517926501776352,
    "decay_monotonicity": -1.0,
    "width_ratios": [
      4.871490084037663,
      18543.13641584652
    ],
    "mean_width_ratio": 9274.003952965279,
    "is_hyper_ribbon": true,
    "interpretation": "Hyper-ribbon structure confirmed (PR = 1.39 / 3) Errors are strongly confined: only ~1.4 effective dimensions control all 3 properties. Moderate log-linearity (R\u00c2\u00b2 = 0.852) \u00e2\u20ac\u201d may be an intermediate regime. First principal direction captures 83.0% of error variance.",
    "pr_ci_lower": 1.0,
    "pr_ci_upper": 1.8229547987778423,
    "log_r2_ci_lower": 0.0,
    "log_r2_ci_upper": 1.0,
    "eigenvalues_5d": [
      257.866744310109,
      118.78562733326973,
      31.00481280743877,
      6.364543963464437,
      0.00034322909677919703
    ],
    "effective_dimensionality_5d": 2.100482667351006
  },
  {
    "n_materials": 3,
    "n_properties": 5,
    "potential": "Maresca-2020",
    "eigenvalues": [
      399.55935444024465,
      105.83028056657834,
      14.890531659844028
    ],
    "eigenvectors": [
      [
        0.9840022633356397,
        0.022327553621706527,
        -0.17675131145088693
      ],
      [
        0.16440996348579132,
        -0.49594553402435054,
        0.8526472841614539
      ],
      [
        0.06862149558949708,
        0.8680665341035627,
        0.49168240024683507
      ]
    ],
    "effective_dimensionality": 1.5823482544336738,
    "fractional_dimensionality": 0.5274494181445579,
    "cumulative_variance": [
      0.7679696056840741,
      0.9713797822522339,
      1.0
    ],
    "log_slope": -1.6448183870475794,
    "log_intercept": 6.095793241076002,
    "log_r_squared": 0.9878241042333655,
    "decay_monotonicity": -1.0,
    "width_ratios": [
      3.775472882630033,
      7.107219740983169
    ],
    "mean_width_ratio": 5.441346311806601,
    "is_hyper_ribbon": true,
    "interpretation": "Hyper-ribbon structure confirmed (PR = 1.58 / 3) Moderate dimensional compression: ~1.6 of 3 dimensions are active. Log-spacing is highly linear (R\u00c2\u00b2 = 0.988), consistent with Vandermonde universality class. First principal direction captures 76.8% of error variance.",
    "pr_ci_lower": 1.0,
    "pr_ci_upper": 1.751360272028942,
    "log_r2_ci_lower": 0.0,
    "log_r2_ci_upper": 1.0,
    "eigenvalues_5d": [
      3124.314523450698,
      859.3766797614488,
      399.55935444024465,
      105.83028056657834,
      14.890531659844028
    ],
    "effective_dimensionality_5d": 1.9010284054498912
  },
  {
    "n_materials": 3,
    "n_properties": 5,
    "potential": "Park-2012",
    "eigenvalues": [
      907.7718442462277,
      487.2914231537248,
      0.5287326000486519
    ],
    "eigenvectors": [
      [
        0.5125211192985004,
        0.8171052258195186,
        0.26393399214850277
      ],
      [
        0.8015314707245516,
        -0.565509004071958,
        0.19428553150370984
      ],
      [
        0.30800877213343986,
        0.1119759628312061,
        -0.9447708611281758
      ]
    ],
    "effective_dimensionality": 1.834829628855963,
    "fractional_dimensionality": 0.6116098762853209,
    "cumulative_variance": [
      0.6504564688291613,
      0.9996211409924615,
      1.0
    ],
    "log_slope": -3.724132765521464,
    "log_intercept": 7.844993754268398,
    "log_r_squared": 0.8121719044958966,
    "decay_monotonicity": -1.0,
    "width_ratios": [
      1.862893129477173,
      921.621672484137
    ],
    "mean_width_ratio": 461.74228280680705,
    "is_hyper_ribbon": true,
    "interpretation": "Hyper-ribbon structure confirmed (PR = 1.83 / 3) Moderate dimensional compression: ~1.8 of 3 dimensions are active. Moderate log-linearity (R\u00c2\u00b2 = 0.812) \u00e2\u20ac\u201d may be an intermediate regime. First principal direction captures 65.0% of error variance.",
    "pr_ci_lower": 1.0,
    "pr_ci_upper": 1.963064516465413,
    "log_r2_ci_lower": 0.0,
    "log_r2_ci_upper": 1.0,
    "eigenvalues_5d": [
      7676.221380392863,
      2748.21886479729,
      907.7718442462277,
      487.2914231537248,
      0.5287326000486519
    ],
    "effective_dimensionality_5d": 2.0686421432410205
  },
  {
    "n_materials": 3,
    "n_properties": 5,
    "potential": "Li-2018",
    "eigenvalues": [
      621.0607910116986,
      5.131523823407418,
      0.0009851648933237134
    ],
    "eigenvectors": [
      [
        0.8053191397538766,
        -0.5643607440355725,
        -0.18154347616395136
      ],
      [
        0.5448443118165947,
        0.5838589974436414,
        0.601874859904621
      ],
      [
        0.23367875176655933,
        0.5836142747532147,
        -0.777681566759237
      ]
    ],
    "effective_dimensionality": 1.0165270995492128,
    "fractional_dimensionality": 0.33884236651640426,
    "cumulative_variance": [
      0.9918036347749157,
      0.9999984267399645,
      1.0
    ],
    "log_slope": -6.677065247841938,
    "log_intercept": 7.058441947685925,
    "log_r_squared": 0.974227100435014,
    "decay_monotonicity": -1.0,
    "width_ratios": [
      121.02853117016298,
      5208.796880789033
    ],
    "mean_width_ratio": 2664.912705979598,
    "is_hyper_ribbon": true,
    "interpretation": "Hyper-ribbon structure confirmed (PR = 1.02 / 3) Errors are strongly confined: only ~1.0 effective dimensions control all 3 properties. Log-spacing is highly linear (R\u00c2\u00b2 = 0.974), consistent with Vandermonde universality class. First principal direction captures 99.2% of error variance.",
    "pr_ci_lower": 1.0,
    "pr_ci_upper": 1.2252345270136564,
    "log_r2_ci_lower": 0.0,
    "log_r2_ci_upper": 1.0,
    "eigenvalues_5d": [
      5187.769325329287,
      1873.5980859950982,
      621.0607910116986,
      5.131523823407418,
      0.0009851648933237134
    ],
    "effective_dimensionality_5d": 1.9182209244051562
  },
  {
    "n_materials": 5,
    "n_properties": 5,
    "potential": "Sharifi-2025",
    "eigenvalues": [
      602.1750718984102,
      147.5436989656433,
      42.61132080261362
    ],
    "eigenvectors": [
      [
        0.8817930749094759,
        -0.30628830317891587,
        0.3586480843075444
      ],
      [
        0.4715783402586402,
        0.5606398094868892,
        -0.6806591459882183
      ],
      [
        0.007405541208921926,
        0.7693311896409021,
        0.638807231177855
      ]
    ],
    "effective_dimensionality": 1.625550197410485,
    "fractional_dimensionality": 0.5418500658034949,
    "cumulative_variance": [
      0.7600053036376977,
      0.9462202417265503,
      1.0
    ],
    "log_slope": -1.3242141278127615,
    "log_intercept": 6.373144988054119,
    "log_r_squared": 0.9987169286434825,
    "decay_monotonicity": -1.0,
    "width_ratios": [
      4.081333707369173,
      3.4625469519966985
    ],
    "mean_width_ratio": 3.771940329682936,
    "is_hyper_ribbon": true,
    "interpretation": "Hyper-ribbon structure confirmed (PR = 1.63 / 3) Moderate dimensional compression: ~1.6 of 3 dimensions are active. Log-spacing is highly linear (R\u00c2\u00b2 = 0.999), consistent with Vandermonde universality class. First principal direction captures 76.0% of error variance.",
    "pr_ci_lower": 1.047919319686526,
    "pr_ci_upper": 2.259243950123622,
    "log_r2_ci_lower": 0.801568985416685,
    "log_r2_ci_upper": 1.0,
    "eigenvalues_5d": [
      5176.369303771972,
      1930.9511000398647,
      602.1750718984102,
      147.5436989656433,
      42.61132080261362
    ],
    "effective_dimensionality_5d": 2.018937045134212
  },
  {
    "n_materials": 3,
    "n_properties": 5,
    "potential": "Farkas-2018",
    "eigenvalues": [
      19808.651936463386,
      48.927529883080766,
      0.008100320211132
    ],
    "eigenvectors": [
      [
        0.835645174979575,
        -0.520186203455352,
        -0.1763617171272236
      ],
      [
        0.5482005173612928,
        0.7698342491866876,
        0.3268507634134879
      ],
      [
        0.03425396762663451,
        0.3698128479567416,
        -0.9284746217253098
      ]
    ],
    "effective_dimensionality": 1.0049408058475118,
    "fractional_dimensionality": 0.33498026861583724,
    "cumulative_variance": [
      0.9975356709349007,
      0.9999995920793407,
      1.0
    ],
    "log_slope": -7.354862886787614,
    "log_intercept": 10.344317094534711,
    "log_r_squared": 0.9888726396716262,
    "decay_monotonicity": -1.0,
    "width_ratios": [
      404.8569789604943,
      6040.197005525941
    ],
    "mean_width_ratio": 3222.5269922432176,
    "is_hyper_ribbon": true,
    "interpretation": "Hyper-ribbon structure confirmed (PR = 1.00 / 3) Errors are strongly confined: only ~1.0 effective dimensions control all 3 properties. Log-spacing is highly linear (R\u00c2\u00b2 = 0.989), consistent with Vandermonde universality class. First principal direction captures 99.8% of error variance.",
    "pr_ci_lower": 1.0,
    "pr_ci_upper": 1.6971458188484645,
    "log_r2_ci_lower": 0.0,
    "log_r2_ci_upper": 1.0,
    "eigenvalues_5d": [
      182685.0468628747,
      53161.93909020829,
      19808.651936463386,
      48.927529883080766,
      0.008100320211132
    ],
    "effective_dimensionality_5d": 1.786841617385425
  },
  {
    "n_materials": 3,
    "n_properties": 5,
    "potential": "Asadi-2015",
    "eigenvalues": [
      158.78960235859955,
      52.84295455241101,
      0.05197642232245653
    ],
    "eigenvectors": [
      [
        0.8863584162441568,
        -0.4254835457099767,
        -0.18257193180556544
      ],
      [
        0.4269658198781404,
        0.598629154679686,
        0.6777487173158442
      ],
      [
        0.17907804613893114,
        0.6786802542416799,
        -0.7122669203981833
      ]
    ],
    "effective_dimensionality": 1.5999968674872762,
    "fractional_dimensionality": 0.5333322891624254,
    "cumulative_variance": [
      0.7501237802223297,
      0.9997544628249215,
      1.0
    ],
    "log_slope": -4.012272575219595,
    "log_intercept": 6.038252369686305,
    "log_r_squared": 0.8506408296039945,
    "decay_monotonicity": -1.0,
    "width_ratios": [
      3.004934218829644,
      1016.671640548451
    ],
    "mean_width_ratio": 509.8382873836403,
    "is_hyper_ribbon": true,
    "interpretation": "Hyper-ribbon structure confirmed (PR = 1.60 / 3) Moderate dimensional compression: ~1.6 of 3 dimensions are active. Moderate log-linearity (R\u00c2\u00b2 = 0.851) \u00e2\u20ac\u201d may be an intermediate regime. First principal direction captures 75.0% of error variance.",
    "pr_ci_lower": 1.0,
    "pr_ci_upper": 2.1302132887760017,
    "log_r2_ci_lower": 0.0,
    "log_r2_ci_upper": 1.0,
    "eigenvalues_5d": [
      1246.4126391867862,
      482.6340260183745,
      158.78960235859955,
      52.84295455241101,
      0.05197642232245653
    ],
    "effective_dimensionality_5d": 2.0757593959237006
  },
  {
    "n_materials": 5,
    "n_properties": 5,
    "potential": "Ackland-1987",
    "eigenvalues": [
      273.95612281183156,
      89.59459044391082,
      7.372722855368621
    ],
    "eigenvectors": [
      [
        0.7920796280352507,
        -0.5401509585701431,
        -0.2843357255205445
      ],
      [
        0.5884061575242396,
        0.5516670052903089,
        0.591135948036982
      ],
      [
        0.16244401078248014,
        0.6355316335398087,
        -0.7547923463649613
      ]
    ],
    "effective_dimensionality": 1.6549788874336082,
    "fractional_dimensionality": 0.551659629144536,
    "cumulative_variance": [
      0.7385786287436616,
      0.9801233296750758,
      1.0
    ],
    "log_slope": -1.8075904343337197,
    "log_intercept": 5.842940431221845,
    "log_r_squared": 0.9536894563377859,
    "decay_monotonicity": -1.0,
    "width_ratios": [
      3.0577306225127194,
      12.152171212928534
    ],
    "mean_width_ratio": 7.604950917720627,
    "is_hyper_ribbon": true,
    "interpretation": "Hyper-ribbon structure confirmed (PR = 1.65 / 3) Moderate dimensional compression: ~1.7 of 3 dimensions are active. Log-spacing is highly linear (R\u00c2\u00b2 = 0.954), consistent with Vandermonde universality class. First principal direction captures 73.9% of error variance.",
    "pr_ci_lower": 1.0116040571081373,
    "pr_ci_upper": 2.048337790338184,
    "log_r2_ci_lower": 0.7864438597521808,
    "log_r2_ci_upper": 1.0,
    "eigenvalues_5d": [
      3175.7764028738084,
      525.8566001176449,
      273.95612281183156,
      89.59459044391082,
      7.372722855368621
    ],
    "effective_dimensionality_5d": 1.587877018808669
  },
  {
    "n_materials": 5,
    "n_properties": 5,
    "potential": "Derlet-2007",
    "eigenvalues": [
      245.53405357501174,
      18.71238070008624,
      4.410840724902618
    ],
    "eigenvectors": [
      [
        -0.9201474209495191,
        0.38935128742242336,
        0.04164491208359684
      ],
      [
        -0.07660947759320677,
        -0.2832998446320334,
        0.9559666238809605
      ],
      [
        -0.38400483286391707,
        -0.8764398285187458,
        -0.29050562012323916
      ]
    ],
    "effective_dimensionality": 1.1899241797897582,
    "fractional_dimensionality": 0.3966413932632527,
    "cumulative_variance": [
      0.9139304103155635,
      0.983581904771041,
      1.0
    ],
    "log_slope": -2.0096851684291432,
    "log_intercept": 5.315247280057174,
    "log_r_squared": 0.9743685018567145,
    "decay_monotonicity": -1.0,
    "width_ratios": [
      13.121475963444894,
      4.242361460580594
    ],
    "mean_width_ratio": 8.681918712012743,
    "is_hyper_ribbon": true,
    "interpretation": "Hyper-ribbon structure confirmed (PR = 1.19 / 3) Errors are strongly confined: only ~1.2 effective dimensions control all 3 properties. Log-spacing is highly linear (R\u00c2\u00b2 = 0.974), consistent with Vandermonde universality class. First principal direction captures 91.4% of error variance.",
    "pr_ci_lower": 1.0374465531915709,
    "pr_ci_upper": 1.5590827296908336,
    "log_r2_ci_lower": 0.8168432318303059,
    "log_r2_ci_upper": 1.0,
    "eigenvalues_5d": [
      3485.445415985141,
      467.2771194948639,
      245.53405357501174,
      18.71238070008624,
      4.410840724902618
    ],
    "effective_dimensionality_5d": 1.433939666241411
  },
  {
    "n_materials": 4,
    "n_properties": 5,
    "potential": "Zhou-2001",
    "eigenvalues": [
      2155.298912553139,
      225.3211191381998,
      19.953594234588365
    ],
    "eigenvectors": [
      [
        -0.8441188817157054,
        0.19218149433264764,
        -0.5005293066016192
      ],
      [
        -0.018808935097704746,
        -0.9435913423895379,
        -0.33057768002089905
      ],
      [
        -0.5358260328609624,
        -0.26963243833704476,
        0.8001179979883609
      ]
    ],
    "effective_dimensionality": 1.227036486077826,
    "fractional_dimensionality": 0.409012162025942,
    "cumulative_variance": [
      0.897826623302094,
      0.9916879890626591,
      1.0
    ],
    "log_slope": -2.3411377050983915,
    "log_intercept": 7.703344561625479,
    "log_r_squared": 0.9995814131974902,
    "decay_monotonicity": -1.0,
    "width_ratios": [
      9.56545449799224,
      11.292257248953128
    ],
    "mean_width_ratio": 10.428855873472685,
    "is_hyper_ribbon": true,
    "interpretation": "Hyper-ribbon structure confirmed (PR = 1.23 / 3) Errors are strongly confined: only ~1.2 effective dimensions control all 3 properties. Log-spacing is highly linear (R\u00c2\u00b2 = 1.000), consistent with Vandermonde universality class. First principal direction captures 89.8% of error variance.",
    "pr_ci_lower": 1.0018942533628654,
    "pr_ci_upper": 2.033587094492249,
    "log_r2_ci_lower": 0.7619127101158005,
    "log_r2_ci_upper": 1.0,
    "eigenvalues_5d": [
      18284.205465713123,
      4466.365308586703,
      2155.298912553139,
      225.3211191381998,
      19.953594234588365
    ],
    "effective_dimensionality_5d": 1.7622721990237347
  },
  {
    "n_materials": 3,
    "n_properties": 5,
    "potential": "Bonny-2011",
    "eigenvalues": [
      3677.9631395209763,
      153.88018126452087,
      0.010012547839743645
    ],
    "eigenvectors": [
      [
        0.4183092421455847,
        -0.9043986754908429,
        -0.08414519419429894
      ],
      [
        0.8985002605797594,
        0.42558926335471625,
        -0.10756886471137733
      ],
      [
        0.13309642998101448,
        -0.030607428634234872,
        0.9906303678157202
      ]
    ],
    "effective_dimensionality": 1.0835362939798525,
    "fractional_dimensionality": 0.36117876465995086,
    "cumulative_variance": [
      0.9598392264981365,
      0.9999973870221617,
      1.0
    ],
    "log_slope": -6.407015285915033,
    "log_intercept": 9.28780610274146,
    "log_r_squared": 0.9217620188470208,
    "decay_monotonicity": -1.0,
    "width_ratios": [
      23.901473921443706,
      15368.733685716974
    ],
    "mean_width_ratio": 7696.317579819209,
    "is_hyper_ribbon": true,
    "interpretation": "Hyper-ribbon structure confirmed (PR = 1.08 / 3) Errors are strongly confined: only ~1.1 effective dimensions control all 3 properties. Log-spacing is highly linear (R\u00c2\u00b2 = 0.922), consistent with Vandermonde universality class. First principal direction captures 96.0% of error variance.",
    "pr_ci_lower": 1.0,
    "pr_ci_upper": 1.8680473754085034,
    "log_r2_ci_lower": 0.0,
    "log_r2_ci_upper": 1.0,
    "eigenvalues_5d": [
      39840.86204542227,
      7599.1795336678915,
      3677.9631395209763,
      153.88018126452087,
      0.010012547839743645
    ],
    "effective_dimensionality_5d": 1.584962284563549
  },
  {
    "n_materials": 3,
    "n_properties": 5,
    "potential": "Farkas-2020",
    "eigenvalues": [
      19792.72980854074,
      58.0066189689451,
      1.1079391569911283
    ],
    "eigenvectors": [
      [
        0.8375990310217261,
        -0.5200189566866215,
        -0.16735635009769786
      ],
      [
        0.5462444568794789,
        0.8010214964828992,
        0.24491132170796023
      ],
      [
        0.006697504005858967,
        -0.2965549643132867,
        0.9549923018439662
      ]
    ],
    "effective_dimensionality": 1.0059736375723565,
    "fractional_dimensionality": 0.33532454585745214,
    "cumulative_variance": [
      0.9970222132999795,
      0.9999441896109738,
      1.0
    ],
    "log_slope": -4.895284146756869,
    "log_intercept": 9.580660402227572,
    "log_r_squared": 0.9879290940763151,
    "decay_monotonicity": -1.0,
    "width_ratios": [
      341.2150227052043,
      52.35541916081009
    ],
    "mean_width_ratio": 196.7852209330072,
    "is_hyper_ribbon": true,
    "interpretation": "Hyper-ribbon structure confirmed (PR = 1.01 / 3) Errors are strongly confined: only ~1.0 effective dimensions control all 3 properties. Log-spacing is highly linear (R\u00c2\u00b2 = 0.988), consistent with Vandermonde universality class. First principal direction captures 99.7% of error variance.",
    "pr_ci_lower": 1.0,
    "pr_ci_upper": 1.4625953175161668,
    "log_r2_ci_lower": 0.0,
    "log_r2_ci_upper": 1.0,
    "eigenvalues_5d": [
      286640.6263242046,
      36025.55734197314,
      19792.72980854074,
      58.0066189689451,
      1.1079391569911283
    ],
    "effective_dimensionality_5d": 1.3991076775713738
  },
  {
    "n_materials": 3,
    "n_properties": 5,
    "potential": "Chen-2020",
    "eigenvalues": [
      1093.9479174864052,
      117.5421989966392,
      0.09745018362223656
    ],
    "eigenvectors": [
      [
        0.8091658405486091,
        -0.5698398873476195,
        0.1432939122116333
      ],
      [
        0.5677415875091183,
        0.8210748643233341,
        0.05920774433335927
      ],
      [
        0.1513939638885546,
        -0.03344502898893516,
        -0.9879075350122807
      ]
    ],
    "effective_dimensionality": 1.2126378187305629,
    "fractional_dimensionality": 0.40421260624352096,
    "cumulative_variance": [
      0.9029045424228701,
      0.9999195681878031,
      1.0
    ],
    "log_slope": -4.662981171595635,
    "log_intercept": 7.808291776655241,
    "log_r_squared": 0.9168505594447931,
    "decay_monotonicity": -1.0,
    "width_ratios": [
      9.306852575709287,
      1206.1772962100192
    ],
    "mean_width_ratio": 607.7420743928643,
    "is_hyper_ribbon": true,
    "interpretation": "Hyper-ribbon structure confirmed (PR = 1.21 / 3) Errors are strongly confined: only ~1.2 effective dimensions control all 3 properties. Log-spacing is highly linear (R\u00c2\u00b2 = 0.917), consistent with Vandermonde universality class. First principal direction captures 90.3% of error variance.",
    "pr_ci_lower": 1.0,
    "pr_ci_upper": 1.320491834783422,
    "log_r2_ci_lower": 0.0,
    "log_r2_ci_upper": 1.0,
    "eigenvalues_5d": [
      7007.255072260624,
      2675.772051907957,
      1093.9479174864052,
      117.5421989966392,
      0.09745018362223656
    ],
    "effective_dimensionality_5d": 2.065228262851571
  },
  {
    "n_materials": 3,
    "n_properties": 5,
    "potential": "Mendelev-2007",
    "eigenvalues": [
      95.60901981109915,
      51.9357629714136,
      0.42611721748745274
    ],
    "eigenvectors": [
      [
        0.8342483097817155,
        0.5391756957112759,
        -0.11540938774905947
      ],
      [
        -0.09538312166609017,
        -0.06503362807787146,
        -0.9933139923107198
      ],
      [
        0.5430762540634444,
        -0.8396786268408236,
        0.0028259333195095673
      ]
    ],
    "effective_dimensionality": 1.8494928672806479,
    "fractional_dimensionality": 0.6164976224268827,
    "cumulative_variance": [
      0.6461339345175234,
      0.9971202633930898,
      1.0
    ],
    "log_slope": -2.70665398861793,
    "log_intercept": 5.25906531542367,
    "log_r_squared": 0.8333559511572597,
    "decay_monotonicity": -1.0,
    "width_ratios": [
      1.8409091219806304,
      121.88139985904907
    ],
    "mean_width_ratio": 61.86115449051485,
    "is_hyper_ribbon": true,
    "interpretation": "Hyper-ribbon structure confirmed (PR = 1.85 / 3) Moderate dimensional compression: ~1.8 of 3 dimensions are active. Moderate log-linearity (R\u00c2\u00b2 = 0.833) \u00e2\u20ac\u201d may be an intermediate regime. First principal direction captures 64.6% of error variance.",
    "pr_ci_lower": 1.0,
    "pr_ci_upper": 2.25409545416743,
    "log_r2_ci_lower": 0.0,
    "log_r2_ci_upper": 1.0,
    "eigenvalues_5d": [
      1373.4784544217916,
      344.9267968983375,
      95.60901981109915,
      51.9357629714136,
      0.42611721748745274
    ],
    "effective_dimensionality_5d": 1.7267811719075101
  },
  {
    "n_materials": 12,
    "n_properties": 5,
    "potential": "Zhou-2004",
    "eigenvalues": [
      144.71033934014608,
      8.960802331306995,
      1.9009674194559536
    ],
    "eigenvectors": [
      [
        0.9798504883364965,
        -0.03503919699512382,
        0.19663487783367964
      ],
      [
        0.16482401595288346,
        0.697898633442416,
        -0.6969724106479197
      ],
      [
        0.11280985893038253,
        -0.715338907171381,
        -0.6896116179524248
      ]
    ],
    "effective_dimensionality": 1.1511386622366504,
    "fractional_dimensionality": 0.3837128874122168,
    "cumulative_variance": [
      0.9301817670645844,
      0.987780795474431,
      1.0
    ],
    "log_slope": -2.166185579994479,
    "log_intercept": 4.7695045061016765,
    "log_r_squared": 0.9737777656328434,
    "decay_monotonicity": -1.0,
    "width_ratios": [
      16.14926141541603,
      4.71381163064411
    ],
    "mean_width_ratio": 10.43153652303007,
    "is_hyper_ribbon": true,
    "interpretation": "Hyper-ribbon structure confirmed (PR = 1.15 / 3) Errors are strongly confined: only ~1.2 effective dimensions control all 3 properties. Log-spacing is highly linear (R\u00c2\u00b2 = 0.974), consistent with Vandermonde universality class. First principal direction captures 93.0% of error variance.",
    "pr_ci_lower": 1.0325867745976876,
    "pr_ci_upper": 2.0633733944403057,
    "log_r2_ci_lower": 0.8099331115130575,
    "log_r2_ci_upper": 0.9998897360047769,
    "eigenvalues_5d": [
      1050.3889917639717,
      509.0083160620374,
      144.71033934014608,
      8.960802331306995,
      1.9009674194559536
    ],
    "effective_dimensionality_5d": 2.125960062626093
  },
  {
    "n_materials": 3,
    "n_properties": 5,
    "potential": "Zuo-2019",
    "eigenvalues": [
      799.433317734059,
      367.28118870113894,
      28.00309356480281
    ],
    "eigenvectors": [
      [
        0.3865833828149555,
        -0.9125197597334688,
        0.1336449633443699
      ],
      [
        0.9191051886758854,
        0.3931620645504075,
        0.02586973419897546
      ],
      [
        0.07615077334085381,
        -0.11283296989104524,
        -0.9906915668487122
      ]
    ],
    "effective_dimensionality": 1.8422810789273558,
    "fractional_dimensionality": 0.6140936929757853,
    "cumulative_variance": [
      0.6691399856619324,
      0.9765609098210298,
      1.0
    ],
    "log_slope": -1.6757940676528023,
    "log_intercept": 6.983242683919046,
    "log_r_squared": 0.9126409062147618,
    "decay_monotonicity": -1.0,
    "width_ratios": [
      2.176624728756711,
      13.115736225756715
    ],
    "mean_width_ratio": 7.646180477256713,
    "is_hyper_ribbon": true,
    "interpretation": "Hyper-ribbon structure confirmed (PR = 1.84 / 3) Moderate dimensional compression: ~1.8 of 3 dimensions are active. Log-spacing is highly linear (R\u00c2\u00b2 = 0.913), consistent with Vandermonde universality class. First principal direction captures 66.9% of error variance.",
    "pr_ci_lower": 1.0,
    "pr_ci_upper": 1.9254802449794926,
    "log_r2_ci_lower": 0.0,
    "log_r2_ci_upper": 1.0,
    "eigenvalues_5d": [
      8002.643948022167,
      1379.7652851392713,
      799.433317734059,
      367.28118870113894,
      28.00309356480281
    ],
    "effective_dimensionality_5d": 1.6767717447270878
  },
  {
    "n_materials": 3,
    "n_properties": 5,
    "potential": "Deluigi-2021",
    "eigenvalues": [
      22404.828705718566,
      167.48515514099367,
      0.1659724737991492
    ],
    "eigenvectors": [
      [
        -0.8411777609624786,
        0.4903042102093824,
        0.22808278302648244
      ],
      [
        -0.1873881413103295,
        0.13135434763938486,
        -0.9734637742887463
      ],
      [
        -0.5072530521923071,
        -0.8615960868105111,
        -0.01861516141221968
      ]
    ],
    "effective_dimensionality": 1.0149648990713493,
    "fractional_dimensionality": 0.3383216330237831,
    "cumulative_variance": [
      0.9925727643195315,
      0.9999926471315946,
      1.0
    ],
    "log_slope": -5.906482553346909,
    "log_intercept": 10.353813612774488,
    "log_r_squared": 0.9903407069584583,
    "decay_monotonicity": -1.0,
    "width_ratios": [
      133.77202706029414,
      1009.1140495000094
    ],
    "mean_width_ratio": 571.4430382801518,
    "is_hyper_ribbon": true,
    "interpretation": "Hyper-ribbon structure confirmed (PR = 1.01 / 3) Errors are strongly confined: only ~1.0 effective dimensions control all 3 properties. Log-spacing is highly linear (R\u00c2\u00b2 = 0.990), consistent with Vandermonde universality class. First principal direction captures 99.3% of error variance.",
    "pr_ci_lower": 1.0,
    "pr_ci_upper": 1.9389590243162194,
    "log_r2_ci_lower": 0.0,
    "log_r2_ci_upper": 1.0,
    "eigenvalues_5d": [
      294613.9251322192,
      68053.32137902387,
      22404.828705718566,
      167.48515514099367,
      0.1659724737991492
    ],
    "effective_dimensionality_5d": 1.6143657093350496
  },
  {
    "n_materials": 9,
    "n_properties": 5,
    "potential": "Morse_Shifted_GirifalcoWeizer_1959LowCut",
    "eigenvalues": [
      18654.419250083545,
      609.4960682816287,
      190.40261913483516
    ],
    "eigenvectors": [
      [
        0.7691014230405145,
        -0.4692537008302821,
        -0.4339170028175207
      ],
      [
        -0.44081120546478253,
        0.10213203185334523,
        -0.891770446474984
      ],
      [
        0.46278340745292645,
        0.8771373964930418,
        -0.12830239849538003
      ]
    ],
    "effective_dimensionality": 1.086325526883796,
    "fractional_dimensionality": 0.3621085089612653,
    "cumulative_variance": [
      0.9588832314766182,
      0.9902128350247728,
      1.0
    ],
    "log_slope": -2.2923487379440863,
    "log_intercept": 9.45755264811312,
    "log_r_squared": 0.9252112578219709,
    "decay_monotonicity": -1.0,
    "width_ratios": [
      30.606299565929163,
      3.201090778325949
    ],
    "mean_width_ratio": 16.903695172127556,
    "is_hyper_ribbon": true,
    "interpretation": "Hyper-ribbon structure confirmed (PR = 1.09 / 3) Errors are strongly confined: only ~1.1 effective dimensions control all 3 properties. Log-spacing is highly linear (R\u00c2\u00b2 = 0.925), consistent with Vandermonde universality class. First principal direction captures 95.9% of error variance.",
    "pr_ci_lower": 1.0314766176245993,
    "pr_ci_upper": 1.3381498279226822,
    "log_r2_ci_lower": 0.7940906282639282,
    "log_r2_ci_upper": 0.999828653834545,
    "eigenvalues_5d": [
      223242.33816922936,
      65873.91217550365,
      18654.419250083545,
      609.4960682816287,
      190.40261913483516
    ],
    "effective_dimensionality_5d": 1.746280689666885
  },
  {
    "n_materials": 5,
    "n_properties": 5,
    "potential": "EAM_Dynamo_AdamsFoilesWolfer_1989Univers",
    "eigenvalues": [
      845.9486785620738,
      77.41373280689321,
      13.463994186589108
    ],
    "eigenvectors": [
      [
        0.7660821761406206,
        -0.6394511197833929,
        0.06496433488781898
      ],
      [
        0.4617951640336167,
        0.6178949185648991,
        0.636357679365027
      ],
      [
        0.44706076306785913,
        0.4575020601258998,
        -0.7686537185922812
      ]
    ],
    "effective_dimensionality": 1.2159042156296531,
    "fractional_dimensionality": 0.4053014052098844,
    "cumulative_variance": [
      0.902994059033178,
      0.9856280799657812,
      1.0
    ],
    "log_slope": -2.070219834506957,
    "log_intercept": 6.633433804688624,
    "log_r_squared": 0.9920459250746285,
    "decay_monotonicity": -1.0,
    "width_ratios": [
      10.927630639802288,
      5.749685549032813
    ],
    "mean_width_ratio": 8.33865809441755,
    "is_hyper_ribbon": true,
    "interpretation": "Hyper-ribbon structure confirmed (PR = 1.22 / 3) Errors are strongly confined: only ~1.2 effective dimensions control all 3 properties. Log-spacing is highly linear (R\u00c2\u00b2 = 0.992), consistent with Vandermonde universality class. First principal direction captures 90.3% of error variance.",
    "pr_ci_lower": 1.0319792731384692,
    "pr_ci_upper": 1.9410798920446486,
    "log_r2_ci_lower": 0.7965662239722425,
    "log_r2_ci_upper": 1.0,
    "eigenvalues_5d": [
      8982.702334671741,
      3097.8455185280545,
      845.9486785620738,
      77.41373280689321,
      13.463994186589108
    ],
    "effective_dimensionality_5d": 1.861959011734874
  },
  {
    "n_materials": 9,
    "n_properties": 5,
    "potential": "Morse_Shifted_GirifalcoWeizer_1959MedCut",
    "eigenvalues": [
      20722.563499131516,
      1365.7177628134639,
      287.4952213883768
    ],
    "eigenvectors": [
      [
        -0.7373234308620218,
        0.34544322034055436,
        0.5805369409629366
      ],
      [
        -0.05368038697726291,
        -0.8866103357125081,
        0.4593914764791838
      ],
      [
        -0.6734037231526333,
        -0.30755665190091486,
        -0.6722621003118283
      ]
    ],
    "effective_dimensionality": 1.1606567421992133,
    "fractional_dimensionality": 0.3868855807330711,
    "cumulative_variance": [
      0.9261159501913492,
      0.9871514974417751,
      1.0
    ],
    "log_slope": -2.1388860854398573,
    "log_intercept": 9.745426102620733,
    "log_r_squared": 0.9760225765762162,
    "decay_monotonicity": -1.0,
    "width_ratios": [
      15.173386524930116,
      4.750401610914144
    ],
    "mean_width_ratio": 9.961894067922131,
    "is_hyper_ribbon": true,
    "interpretation": "Hyper-ribbon structure confirmed (PR = 1.16 / 3) Errors are strongly confined: only ~1.2 effective dimensions control all 3 properties. Log-spacing is highly linear (R\u00c2\u00b2 = 0.976), consistent with Vandermonde universality class. First principal direction captures 92.6% of error variance.",
    "pr_ci_lower": 1.0325490067115288,
    "pr_ci_upper": 1.3760658399259629,
    "log_r2_ci_lower": 0.8110651752808261,
    "log_r2_ci_upper": 0.9997988202128517,
    "eigenvalues_5d": [
      107892.68402403404,
      51727.058054876376,
      20722.563499131516,
      1365.7177628134639,
      287.4952213883768
    ],
    "effective_dimensionality_5d": 2.245905255727914
  },
  {
    "n_materials": 3,
    "n_properties": 5,
    "potential": "Wu-2017",
    "eigenvalues": [
      1409.245533476785,
      110.1426646668166,
      0.5874685230659452
    ],
    "eigenvectors": [
      [
        0.5550498275201917,
        -0.7294477506893092,
        -0.3997820255890856
      ],
      [
        0.8311374050803338,
        0.466918529845388,
        0.30198956995788845
      ],
      [
        0.03361997689074637,
        0.49989305406389517,
        -0.8654343601062632
      ]
    ],
    "effective_dimensionality": 1.1562587275723497,
    "fractional_dimensionality": 0.3854195758574499,
    "cumulative_variance": [
      0.9271500619265072,
      0.9996135013632459,
      1.0
    ],
    "log_slope": -3.891371184841544,
    "log_intercept": 7.6982557256276705,
    "log_r_squared": 0.9618491599257546,
    "decay_monotonicity": -1.0,
    "width_ratios": [
      12.794728888571711,
      187.4869211579064
    ],
    "mean_width_ratio": 100.14082502323906,
    "is_hyper_ribbon": true,
    "interpretation": "Hyper-ribbon structure confirmed (PR = 1.16 / 3) Errors are strongly confined: only ~1.2 effective dimensions control all 3 properties. Log-spacing is highly linear (R\u00c2\u00b2 = 0.962), consistent with Vandermonde universality class. First principal direction captures 92.7% of error variance.",
    "pr_ci_lower": 1.0,
    "pr_ci_upper": 1.5480434313565095,
    "log_r2_ci_lower": 0.0,
    "log_r2_ci_upper": 1.0,
    "eigenvalues_5d": [
      14914.570186688285,
      4441.686988801736,
      1409.245533476785,
      110.1426646668166,
      0.5874685230659452
    ],
    "effective_dimensionality_5d": 1.784884092193735
  },
  {
    "n_materials": 8,
    "n_properties": 5,
    "potential": "Elliott-2015",
    "eigenvalues": [
      2473663.6580785015,
      917246.2756926772,
      383.34221294718003
    ],
    "eigenvectors": [
      [
        0.8385075793929705,
        0.4701997438034031,
        0.2753493058421534
      ],
      [
        -0.26327209243853406,
        -0.09282697656565869,
        0.9602452591732565
      ],
      [
        0.47706691841247767,
        -0.8776647157935045,
        0.04595434699274607
      ]
    ],
    "effective_dimensionality": 1.6523401130533784,
    "fractional_dimensionality": 0.5507800376844595,
    "cumulative_variance": [
      0.729416024145144,
      0.9998869628245773,
      1.0
    ],
    "log_slope": -4.386141387703046,
    "log_intercept": 15.852564804563166,
    "log_r_squared": 0.8336136165689498,
    "decay_monotonicity": -1.0,
    "width_ratios": [
      2.6968369604013533,
      2392.760944955109
    ],
    "mean_width_ratio": 1197.7288909577553,
    "is_hyper_ribbon": true,
    "interpretation": "Hyper-ribbon structure confirmed (PR = 1.65 / 3) Moderate dimensional compression: ~1.7 of 3 dimensions are active. Moderate log-linearity (R\u00c2\u00b2 = 0.834) \u00e2\u20ac\u201d may be an intermediate regime. First principal direction captures 72.9% of error variance.",
    "pr_ci_lower": 1.0229255048259451,
    "pr_ci_upper": 1.9760395734009348,
    "log_r2_ci_lower": 0.7759236153509907,
    "log_r2_ci_upper": 0.9949581618745558,
    "eigenvalues_5d": [
      26028584.543332245,
      4385605.420830612,
      2473663.6580785015,
      917246.2756926772,
      383.34221294718003
    ],
    "effective_dimensionality_5d": 1.6240463122630757
  },
  {
    "n_materials": 8,
    "n_properties": 5,
    "potential": "Lee-2003",
    "eigenvalues": [
      55.26211875563326,
      11.21072395884416,
      2.519809666474839
    ],
    "eigenvectors": [
      [
        0.5403467727429861,
        -0.43771108951095816,
        -0.7186336808871188
      ],
      [
        0.8402766101304768,
        0.3256361856820503,
        0.4334700601449646
      ],
      [
        0.04427847845030001,
        -0.8380752213814552,
        0.5437548525324176
      ]
    ],
    "effective_dimensionality": 1.4940641442257827,
    "fractional_dimensionality": 0.49802138140859425,
    "cumulative_variance": [
      0.8009855665570877,
      0.9634771301071109,
      1.0
    ],
    "log_slope": -1.5439521454223193,
    "log_intercept": 3.9949994275397427,
    "log_r_squared": 0.9996326430018724,
    "decay_monotonicity": -1.0,
    "width_ratios": [
      4.929397865695987,
      4.449036015695475
    ],
    "mean_width_ratio": 4.689216940695731,
    "is_hyper_ribbon": true,
