[
  {
    "n_materials": 8,
    "n_properties": 3,
    "potential": "LJ",
    "eigenvalues": [
      141.67788815640046,
      23.342397630282356,
      2.7274919910951256
    ],
    "eigenvectors": [
      [
        0.5945198184941126,
        -0.6986755687187453,
        0.397993260110351
      ],
      [
        0.7987451615819361,
        0.5700844675179065,
        -0.1923794862875759
      ],
      [
        0.0924789287739331,
        -0.43226860812504414,
        -0.8969902441846639
      ]
    ],
    "effective_dimensionality": 1.364335100797234,
    "fractional_dimensionality": 0.4547783669324113,
    "cumulative_variance": [
      0.8445887631613619,
      0.9837405178940234,
      1.0
    ],
    "log_slope": -1.975086792634034,
    "log_intercept": 5.010823438573273,
    "log_r_squared": 0.997484240531098,
    "decay_monotonicity": -1.0,
    "width_ratios": [
      6.069551654479578,
      8.558191080484185
    ],
    "mean_width_ratio": 7.313871367481882,
    "is_hyper_ribbon": true,
    "interpretation": "Hyper-ribbon structure confirmed (PR = 1.36 / 3) Errors are strongly confined: only ~1.4 effective dimensions control all 3 properties. Log-spacing is highly linear (R² = 0.997), consistent with Vandermonde universality class. First principal direction captures 84.5% of error variance.",
    "pr_ci_lower": 1.0403826360934454,
    "pr_ci_upper": 1.552031941102168,
    "log_r2_ci_lower": 0.8393514874925955,
    "log_r2_ci_upper": 0.9999485693011764
  },
  {
    "n_materials": 8,
    "n_properties": 3,
    "potential": "SW",
    "eigenvalues": [
      19.928553995630914,
      5.80046302938363,
      0.97161789562029
    ],
    "eigenvectors": [
      [
        0.9395259808030372,
        0.19842019233796696,
        -0.2791421836065904
      ],
      [
        0.3424210319233513,
        -0.5294219158841017,
        0.7761831432581842
      ],
      [
        0.006226418925703921,
        -0.8248283835163361,
        -0.5653488917944298
      ]
    ],
    "effective_dimensionality": 1.6512933532566825,
    "fractional_dimensionality": 0.5504311177522275,
    "cumulative_variance": [
      0.7463700415689251,
      0.9636106819741052,
      1.0
    ],
    "log_slope": -1.5104731203732775,
    "log_intercept": 3.0842393407535256,
    "log_r_squared": 0.9889728167498224,
    "decay_monotonicity": -1.0,
    "width_ratios": [
      3.4356833057426734,
      5.969901393881348
    ],
    "mean_width_ratio": 4.702792349812011,
    "is_hyper_ribbon": true,
    "interpretation": "Hyper-ribbon structure confirmed (PR = 1.65 / 3) Moderate dimensional compression: ~1.7 of 3 dimensions are active. Log-spacing is highly linear (R² = 0.989), consistent with Vandermonde universality class. First principal direction captures 74.6% of error variance.",
    "pr_ci_lower": 1.1068214769348856,
    "pr_ci_upper": 2.038741862911244,
    "log_r2_ci_lower": 0.8081208206972503,
    "log_r2_ci_upper": 0.9999241203762128
  },
  {
    "n_materials": 8,
    "n_properties": 3,
    "potential": "EAM",
    "eigenvalues": [
      61.86366143349376,
      35.637952117265066,
      3.792989623844308
    ],
    "eigenvectors": [
      [
        0.863078226614664,
        -0.40510180598177,
        0.30164300345606476
      ],
      [
        0.49775575748668494,
        0.7834973738450061,
        -0.3719826219957548
      ],
      [
        0.08564566908223238,
        -0.4711946433994008,
        -0.8778612802710734
      ]
    ],
    "effective_dimensionality": 2.0073305596609816,
    "fractional_dimensionality": 0.6691101865536605,
    "cumulative_variance": [
      0.6107300832884291,
      0.9625548696083416,
      1.0
    ],
    "log_slope": -1.395889213720224,
    "log_intercept": 4.406388754503959,
    "log_r_squared": 0.8912923882219632,
    "decay_monotonicity": -1.0,
    "width_ratios": [
      1.7358927143157437,
      9.395742053505789
    ],
    "mean_width_ratio": 5.565817383910766,
    "is_hyper_ribbon": true,
    "interpretation": "Hyper-ribbon structure confirmed (PR = 2.01 / 3) Moderate dimensional compression: ~2.0 of 3 dimensions are active. Moderate log-linearity (R² = 0.891) — may be an intermediate regime. First principal direction captures 61.1% of error variance.",
    "pr_ci_lower": 1.1506261022807338,
    "pr_ci_upper": 2.1411236657878505,
    "log_r2_ci_lower": 0.8035217558503882,
    "log_r2_ci_upper": 0.9999303505544316
  }
]